Bharatpur10: 27.705384, 84.456454
Rampur: 27.648262, 84.349209
Geetanagar: 27.612351, 84.389892